****************************************************************																																
*   This file was generated by Direct Download Enterprise.     *																																
*   Please do not change it manually.                          *																																
****************************************************************																																
%_DYNPRO																																
ZEA_PP090																																
0110																																
754																																
                40																																
%_HEADER																																
ZEA_PP090                               0110M0110     24 73192 37  0  0 27120  0G E                              20240603121158																																
%_DESCRIPTION																																
Screen 0110																																
%_FIELDS																																
%#AUTOTEXT005		CHAR	 73	00	00	00	30	00	  1	  2		  0	  0	  0		  7	R				  0	  0	114							생산오더 생성		
ZEA_PPT020-AUFNR	2	CHAR	 20	30	00	04	30	00	  2	  4		  0	  0	  0		  0					  0	  0								생산오더 ID	                                                                                                                                                                                                                                                        X	
S0110-AUFNR	C	CHAR	 10	80	00	84	30	08	  2	 25		  0	  0	  0		  0					 20	  0								__________	X	
%#AUTOTEXT003	0	CHAR	132	00	00	00	38	00	  2	 38		  0	  0	  0		 20					  0	  0								@9S@ 저장시 자동 채번		
ZEA_PPT020-MATNR	2	CHAR	 20	30	00	04	30	00	  3	  4		  0	  0	  0		  0					  0	  0								자재코드	                                                                                                                                                                                                                                                        X	
S0110-MATNR	C	CHAR	 13	80	00	84	30	08	  3	 25		  0	  0	  0		  0					 80	  0								_____________	X	
S0110-MAKTX	C	CHAR	 35	80	00	80	30	00	  3	 39		  0	  0	  0		  0					 40	  0								___________________________________		
ZEA_PPT010-BOMID	2	CHAR	 20	30	00	04	30	00	  4	  4		  0	  0	  0		  0					  0	  0								BOM ID	                                                                                                                                                                                                                                                        X	
S0110-BOMID	C	CHAR	 13	80	00	84	30	08	  4	 25		  0	  0	  0		  0					  8	  0								_____________		
ZEA_PPT020-WERKS	2	CHAR	 20	30	00	04	30	00	  5	  4		  0	  0	  0		  0					  0	  0								플랜트ID	                                                                                                                                                                                                                                                        X	
S0110-WERKS	C	CHAR	 13	80	00	84	30	08	  5	 25		  0	  0	  0		  0					 10	  0								_____________	X	
S0110-PNAME1	C	CHAR	 18	80	00	80	30	00	  5	 39		  0	  0	  0		  0					 30	  0								__________________		
ZEA_PLAF-PLANID	0	CHAR	 11	30	00	00	30	00	  6	  4		  0	  0	  0		  0					  0	  0								생산계획 ID	                                                                                                                                                                                                                                                        X	
S0110-PLANID	C	CHAR	  8	80	00	80	30	00	  6	 25		  0	  0	  0		  0					  8	  0								________		
%#AUTOTEXT006		CHAR	 73	00	00	00	30	00	  8	  2		  0	  0	  0		 17	R				  0	  0	115							월별 생산오더		
%#AUTOTEXT004	0	CHAR	 32	00	00	00	38	00	  9	  4		  0	  0	  0		  0					  0	  0								* 체크 시 해당월의 생산오더 생성		
S0110-EXPQTY	0	CHAR	 14	00	00	00	30	00	 10	  4		  0	  0	  0		  0					  0	  0								예상 생산 일자	                                                                                                                                                                                                                                                        X	
%#AUTOTEXT001	0	CHAR	  9	00	00	00	30	00	 10	 25		  0	  0	  0		  0					  0	  0								시작 일자		
%#AUTOTEXT002	0	CHAR	  9	00	00	00	30	00	 10	 41		  0	  0	  0		  0					  0	  0								종료 일자		
ZEA_PPT020-EXPQTY	0	CHAR	 14	30	00	00	30	00	 10	 56		  0	  0	  0		  0					  0	  0								예상 생산 수량	                                                                                                                                                                                                                                                        X	
S0110-1MONTH	C	CHAR	  1	80	00	80	00	00	 11	  4		  0	  0	  0		  0	C				  0	  0	101								                                                                                                                                                                        1MONTH	
S0110-1MONTH	0	CHAR	 12	00	00	00	30	00	 11	  6		  0	  0	  0		  0	C				  0	  0	101							1월 생산오더		
S0110-EXPSDATE1	D	DATS	 11	80	00	80	30	00	 11	 25		  0	  0	  0		  0					 16	  0								___________	X	
	0	CHAR	  1	00	00	00	30	00	 11	 38		  0	  0	  0		  0					  0	  0								~		
S0110-EXPEDATE1	D	DATS	 10	80	00	80	30	00	 11	 41		  0	  0	  0		  0					 16	  0								__________	X	
S0110-EXPQTY1	P	QUAN	 17	80	00	80	30	00	 11	 56		  0	  0	  0		  0					 13	  3		S0110-UNIT						_.___.___.___,___		
S0110-2MONTH	C	CHAR	  1	80	00	80	00	00	 12	  4		  0	  0	  0		  0	C				  0	  0	102								                                                                                                                                                                        2MONTH	
S0110-2MONTH	0	CHAR	 12	00	00	00	30	00	 12	  6		  0	  0	  0		  0	C				  0	  0	102							2월 생산오더		
S0110-EXPSDATE2	D	DATS	 11	80	00	80	30	00	 12	 25		  0	  0	  0		  0					 16	  0								___________	X	
	0	CHAR	  1	00	00	00	30	00	 12	 38		  0	  0	  0		  0					  0	  0								~		
S0110-EXPEDATE2	D	DATS	 10	80	00	80	30	00	 12	 41		  0	  0	  0		  0					 16	  0								__________	X	
S0110-EXPQTY2	P	QUAN	 17	80	00	80	30	00	 12	 56		  0	  0	  0		  0					 13	  3		S0110-UNIT						_.___.___.___,___		
S0110-3MONTH	C	CHAR	  1	80	00	80	00	00	 13	  4		  0	  0	  0		  0	C				  0	  0	103								                                                                                                                                                                        3MONTH	
S0110-3MONTH	0	CHAR	 12	00	00	00	30	00	 13	  6		  0	  0	  0		  0	C				  0	  0	103							3월 생산오더		
S0110-EXPSDATE3	D	DATS	 11	80	00	80	30	00	 13	 25		  0	  0	  0		  0					 16	  0								___________	X	
	0	CHAR	  1	00	00	00	30	00	 13	 38		  0	  0	  0		  0					  0	  0								~		
S0110-EXPEDATE3	D	DATS	 10	80	00	80	30	00	 13	 41		  0	  0	  0		  0					 16	  0								__________	X	
S0110-EXPQTY3	P	QUAN	 17	80	00	80	30	00	 13	 56		  0	  0	  0		  0					 13	  3		S0110-UNIT						_.___.___.___,___		
S0110-4MONTH	C	CHAR	  1	80	00	80	00	00	 14	  4		  0	  0	  0		  0	C				  0	  0	104								                                                                                                                                                                        4MONTH	
S0110-4MONTH	0	CHAR	 12	00	00	00	30	00	 14	  6		  0	  0	  0		  0	C				  0	  0	104							4월 생산오더		
S0110-EXPSDATE4	D	DATS	 11	80	00	80	30	00	 14	 25		  0	  0	  0		  0					 16	  0								___________	X	
	0	CHAR	  1	00	00	00	30	00	 14	 38		  0	  0	  0		  0					  0	  0								~		
S0110-EXPEDATE4	D	DATS	 10	80	00	80	30	00	 14	 41		  0	  0	  0		  0					 16	  0								__________	X	
S0110-EXPQTY4	P	QUAN	 17	80	00	80	30	00	 14	 56		  0	  0	  0		  0					 13	  3		S0110-UNIT						_.___.___.___,___		
S0110-5MONTH	C	CHAR	  1	80	00	80	00	00	 15	  4		  0	  0	  0		  0	C				  0	  0	105								                                                                                                                                                                        5MONTH	
S0110-5MONTH	0	CHAR	 12	00	00	00	30	00	 15	  6		  0	  0	  0		  0	C				  0	  0	105							5월 생산오더		
S0110-EXPSDATE5	D	DATS	 11	80	00	80	30	00	 15	 25		  0	  0	  0		  0					 16	  0								___________	X	
	0	CHAR	  1	00	00	00	30	00	 15	 38		  0	  0	  0		  0					  0	  0								~		
S0110-EXPEDATE5	D	DATS	 10	80	00	80	30	00	 15	 41		  0	  0	  0		  0					 16	  0								__________	X	
S0110-EXPQTY5	P	QUAN	 17	80	00	80	30	00	 15	 56		  0	  0	  0		  0					 13	  3		S0110-UNIT						_.___.___.___,___		
S0110-6MONTH	C	CHAR	  1	80	00	80	00	00	 16	  4		  0	  0	  0		  0	C				  0	  0	106								                                                                                                                                                                        6MONTH	
S0110-6MONTH	0	CHAR	 12	00	00	00	30	00	 16	  6		  0	  0	  0		  0	C				  0	  0	106							6월 생산오더		
S0110-EXPSDATE6	D	DATS	 11	80	00	80	30	00	 16	 25		  0	  0	  0		  0					 16	  0								___________	X	
	0	CHAR	  1	00	00	00	30	00	 16	 38		  0	  0	  0		  0					  0	  0								~		
S0110-EXPEDATE6	D	DATS	 10	80	00	80	30	00	 16	 41		  0	  0	  0		  0					 16	  0								__________	X	
S0110-EXPQTY6	P	QUAN	 17	80	00	80	30	00	 16	 56		  0	  0	  0		  0					 13	  3		S0110-UNIT						_.___.___.___,___		
S0110-7MONTH	C	CHAR	  1	80	00	80	00	00	 17	  4		  0	  0	  0		  0	C				  0	  0	107								                                                                                                                                                                        7MONTH	
S0110-7MONTH	0	CHAR	 12	00	00	00	30	00	 17	  6		  0	  0	  0		  0	C				  0	  0	107							7월 생산오더		
S0110-EXPSDATE7	D	DATS	 11	80	00	80	30	00	 17	 25		  0	  0	  0		  0					 16	  0								___________	X	
	0	CHAR	  1	00	00	00	30	00	 17	 38		  0	  0	  0		  0					  0	  0								~		
S0110-EXPEDATE7	D	DATS	 10	80	00	80	30	00	 17	 41		  0	  0	  0		  0					 16	  0								__________	X	
S0110-EXPQTY7	P	QUAN	 17	80	00	80	30	00	 17	 56		  0	  0	  0		  0					 13	  3		S0110-UNIT						_.___.___.___,___		
S0110-8MONTH	C	CHAR	  1	80	00	80	00	00	 18	  4		  0	  0	  0		  0	C				  0	  0	108								                                                                                                                                                                        8MONTH	
S0110-8MONTH	0	CHAR	 12	00	00	00	30	00	 18	  6		  0	  0	  0		  0	C				  0	  0	108							8월 생산오더		
S0110-EXPSDATE8	D	DATS	 11	80	00	80	30	00	 18	 25		  0	  0	  0		  0					 16	  0								___________	X	
	0	CHAR	  1	00	00	00	30	00	 18	 38		  0	  0	  0		  0					  0	  0								~		
S0110-EXPEDATE8	D	DATS	 10	80	00	80	30	00	 18	 41		  0	  0	  0		  0					 16	  0								__________	X	
S0110-EXPQTY8	P	QUAN	 17	80	00	80	30	00	 18	 56		  0	  0	  0		  0					 13	  3		S0110-UNIT						_.___.___.___,___		
S0110-9MONTH	C	CHAR	  1	80	00	80	00	00	 19	  4		  0	  0	  0		  0	C				  0	  0	109								                                                                                                                                                                        9MONTH	
S0110-9MONTH	0	CHAR	 12	00	00	00	30	00	 19	  6		  0	  0	  0		  0	C				  0	  0	109							9월 생산오더		
S0110-EXPSDATE9	D	DATS	 11	80	00	80	30	00	 19	 25		  0	  0	  0		  0					 16	  0								___________	X	
	0	CHAR	  1	00	00	00	30	00	 19	 38		  0	  0	  0		  0					  0	  0								~		
S0110-EXPEDATE9	D	DATS	 10	80	00	80	30	00	 19	 41		  0	  0	  0		  0					 16	  0								__________	X	
S0110-EXPQTY9	P	QUAN	 17	80	00	80	30	00	 19	 56		  0	  0	  0		  0					 13	  3		S0110-UNIT						_.___.___.___,___		
S0110-10MONTH	C	CHAR	  1	80	00	80	00	00	 20	  4		  0	  0	  0		  0	C				  0	  0	110								                                                                                                                                                                        10MONTH	
S0110-10MONTH	0	CHAR	 13	00	00	00	30	00	 20	  6		  0	  0	  0		  0	C				  0	  0	110							10월 생산오더		
S0110-EXPSDATE10	D	DATS	 11	80	00	80	30	00	 20	 25		  0	  0	  0		  0					 16	  0								___________	X	
	0	CHAR	  1	00	00	00	30	00	 20	 38		  0	  0	  0		  0					  0	  0								~		
S0110-EXPEDATE10	D	DATS	 10	80	00	80	30	00	 20	 41		  0	  0	  0		  0					 16	  0								__________	X	
S0110-EXPQTY10	P	QUAN	 17	80	00	80	30	00	 20	 56		  0	  0	  0		  0					 13	  3		S0110-UNIT						_.___.___.___,___		
S0110-11MONTH	C	CHAR	  1	80	00	80	00	00	 21	  4		  0	  0	  0		  0	C				  0	  0	111								                                                                                                                                                                        11MONTH	
S0110-11MONTH	0	CHAR	 13	00	00	00	30	00	 21	  6		  0	  0	  0		  0	C				  0	  0	111							11월 생산오더		
S0110-EXPSDATE11	D	DATS	 11	80	00	80	30	00	 21	 25		  0	  0	  0		  0					 16	  0								___________	X	
	0	CHAR	  1	00	00	00	30	00	 21	 38		  0	  0	  0		  0					  0	  0								~		
S0110-EXPEDATE11	D	DATS	 10	80	00	80	30	00	 21	 41		  0	  0	  0		  0					 16	  0								__________	X	
S0110-EXPQTY11	P	QUAN	 17	80	00	80	30	00	 21	 56		  0	  0	  0		  0					 13	  3		S0110-UNIT						_.___.___.___,___		
S0110-12MONTH	C	CHAR	  1	80	00	80	00	00	 22	  4		  0	  0	  0		  0	C				  0	  0	112								                                                                                                                                                                        12MONTH	
S0110-12MONTH	0	CHAR	 13	00	00	00	30	00	 22	  6		  0	  0	  0		  0	C				  0	  0	112							12월 생산오더		
S0110-EXPSDATE12	D	DATS	 11	80	00	80	30	00	 22	 25		  0	  0	  0		  0					 16	  0								___________	X	
	0	CHAR	  1	00	00	00	30	00	 22	 38		  0	  0	  0		  0					  0	  0								~		
S0110-EXPEDATE12	D	DATS	 10	80	00	80	30	00	 22	 41		  0	  0	  0		  0					 16	  0								__________	X	
S0110-EXPQTY12	P	QUAN	 17	80	00	80	30	00	 22	 56		  0	  0	  0		  0					 13	  3		S0110-UNIT						_.___.___.___,___		
ZEA_PPT020-UNIT	0	CHAR	 15	30	00	00	30	00	 23	  4		  0	  0	  0		  0					  0	  0								단위	                                                                                                                                                                                                                                                        X	
S0110-UNIT	C	UNIT	  3	80	00	80	30	00	 23	 25		  0	  0	  0		  0					  3	  0								___		
OK_CODE		CHAR	 20	80	10	00	00	00	255	  1	O	  0	  0	  0		  0					  0	  0								____________________		
%_FLOWLOGIC																																
PROCESS BEFORE OUTPUT.																																
 MODULE STATUS_0110.																																
 MODULE INIT_DATA_0110.																																
																																
PROCESS AFTER INPUT.																																
 MODULE EXIT_0110 AT EXIT-COMMAND.																																
 MODULE USER_COMMAND_0110.																																
